2
64 64
0.99692 0.63742 -0.23345 -0.90483 -0.9114 -0.30902 0.46793 0.95106 0.9114 0.42578 -0.23345 -0.77051 -0.99692 -0.87631 -0.49546 0.0 0.46793 0.80902 0.97922 0.98229 0.85264 0.63742 0.38268 0.12533 -0.10973 -0.30902 -0.46793 -0.58779 -0.67301 -0.72897 -0.76041 -0.77051 -0.76041 -0.72897 -0.67301 -0.58779 -0.46793 -0.30902 -0.10973 0.12533 0.38268 0.63742 0.85264 0.98229 0.97922 0.80902 0.46793 0.0 -0.49546 -0.87631 -0.99692 -0.77051 -0.23345 0.42578 0.9114 0.95106 0.46793 -0.30902 -0.9114 -0.90483 -0.23345 0.63742 0.99692 0.48175 
-0.81815 0.0 0.79968 0.96858 0.43994 -0.36812 -0.92388 -0.92978 -0.43994 0.24869 0.79968 1.0 0.81815 0.36812 -0.17193 -0.63742 -0.92388 -0.99803 -0.88377 -0.63742 -0.32392 0.0 0.29404 0.53583 0.71813 0.84433 0.92388 0.96858 0.99002 0.99803 0.99988 1.0 0.99988 0.99803 0.99002 0.96858 0.92388 0.84433 0.71813 0.53583 0.29404 0.0 -0.32392 -0.63742 -0.88377 -0.99803 -0.92388 -0.63742 -0.17193 0.36812 0.81815 1.0 0.79968 0.24869 -0.43994 -0.92978 -0.92388 -0.36812 0.43994 0.96858 0.79968 0.0 -0.81815 -0.92978 
0.38268 -0.53583 -0.99692 -0.68455 0.10973 0.80902 0.98511 0.58779 -0.10973 -0.72897 -0.99692 -0.84433 -0.38268 0.18738 0.67301 0.95106 0.98511 0.80902 0.49546 0.12533 -0.23345 -0.53583 -0.76041 -0.90483 -0.97922 -1.0 -0.98511 -0.95106 -0.9114 -0.87631 -0.85264 -0.84433 -0.85264 -0.87631 -0.9114 -0.95106 -0.98511 -1.0 -0.97922 -0.90483 -0.76041 -0.53583 -0.23345 0.12533 0.49546 0.80902 0.98511 0.95106 0.67301 0.18738 -0.38268 -0.84433 -0.99692 -0.72897 -0.10973 0.58779 0.98511 0.80902 0.10973 -0.68455 -0.99692 -0.53583 0.38268 0.98229 
0.04711 0.84433 0.93544 0.30902 -0.5225 -0.98229 -0.81815 -0.18738 0.5225 0.95106 0.93544 0.53583 -0.04711 -0.58779 -0.92388 -0.99211 -0.81815 -0.48175 -0.07846 0.30902 0.62524 0.84433 0.96456 1.0 0.97237 0.90483 0.81815 0.72897 0.64945 0.58779 0.54902 0.53583 0.54902 0.58779 0.64945 0.72897 0.81815 0.90483 0.97237 1.0 0.96456 0.84433 0.62524 0.30902 -0.07846 -0.48175 -0.81815 -0.99211 -0.92388 -0.58779 -0.04711 0.53583 0.93544 0.95106 0.5225 -0.18738 -0.81815 -0.98229 -0.5225 0.30902 0.93544 0.84433 0.04711 -0.80902 
-0.35347 -0.96858 -0.78043 0.0 0.76041 0.99211 0.60042 -0.12533 -0.76041 -1.0 -0.78043 -0.24869 0.35347 0.80902 0.99692 0.90483 0.60042 0.18738 -0.23345 -0.58779 -0.83581 -0.96858 -0.99889 -0.95106 -0.85264 -0.72897 -0.60042 -0.48175 -0.38268 -0.30902 -0.26387 -0.24869 -0.26387 -0.30902 -0.38268 -0.48175 -0.60042 -0.72897 -0.85264 -0.95106 -0.99889 -0.96858 -0.83581 -0.58779 -0.23345 0.18738 0.60042 0.90483 0.99692 0.80902 0.35347 -0.24869 -0.78043 -1.0 -0.76041 -0.12533 0.60042 0.99211 0.76041 0.0 -0.78043 -0.96858 -0.35347 0.58779 
0.5225 0.99803 0.64945 -0.18738 -0.86863 -0.95106 -0.43994 0.30902 0.86863 0.98229 0.64945 0.06279 -0.5225 -0.90483 -0.99396 -0.80902 -0.43994 0.0 0.41151 0.72897 0.92388 0.99803 0.97237 0.87631 0.73963 0.58779 0.43994 0.30902 0.20279 0.12533 0.07846 0.06279 0.07846 0.12533 0.20279 0.30902 0.43994 0.58779 0.73963 0.87631 0.97237 0.99803 0.92388 0.72897 0.41151 0.0 -0.43994 -0.80902 -0.99396 -0.90483 -0.5225 0.06279 0.64945 0.98229 0.86863 0.30902 -0.43994 -0.95106 -0.86863 -0.18738 0.64945 0.99803 0.5225 -0.42578 
-0.57501 -1.0 -0.60042 0.24869 0.89803 0.92978 0.38268 -0.36812 -0.89803 -0.96858 -0.60042 0.0 0.57501 0.92978 0.98511 0.77051 0.38268 -0.06279 -0.46793 -0.77051 -0.94609 -1.0 -0.95579 -0.84433 -0.69591 -0.53583 -0.38268 -0.24869 -0.1409 -0.06279 -0.01571 0.0 -0.01571 -0.06279 -0.1409 -0.24869 -0.38268 -0.53583 -0.69591 -0.84433 -0.95579 -1.0 -0.94609 -0.77051 -0.46793 -0.06279 0.38268 0.77051 0.98511 0.92978 0.57501 0.0 -0.60042 -0.96858 -0.89803 -0.36812 0.38268 0.92978 0.89803 0.24869 -0.60042 -1.0 -0.57501 0.36812 
0.5225 0.99803 0.64945 -0.18738 -0.86863 -0.95106 -0.43994 0.30902 0.86863 0.98229 0.64945 0.06279 -0.5225 -0.90483 -0.99396 -0.80902 -0.43994 0.0 0.41151 0.72897 0.92388 0.99803 0.97237 0.87631 0.73963 0.58779 0.43994 0.30902 0.20279 0.12533 0.07846 0.06279 0.07846 0.12533 0.20279 0.30902 0.43994 0.58779 0.73963 0.87631 0.97237 0.99803 0.92388 0.72897 0.41151 0.0 -0.43994 -0.80902 -0.99396 -0.90483 -0.5225 0.06279 0.64945 0.98229 0.86863 0.30902 -0.43994 -0.95106 -0.86863 -0.18738 0.64945 0.99803 0.5225 -0.42578 
-0.35347 -0.96858 -0.78043 0.0 0.76041 0.99211 0.60042 -0.12533 -0.76041 -1.0 -0.78043 -0.24869 0.35347 0.80902 0.99692 0.90483 0.60042 0.18738 -0.23345 -0.58779 -0.83581 -0.96858 -0.99889 -0.95106 -0.85264 -0.72897 -0.60042 -0.48175 -0.38268 -0.30902 -0.26387 -0.24869 -0.26387 -0.30902 -0.38268 -0.48175 -0.60042 -0.72897 -0.85264 -0.95106 -0.99889 -0.96858 -0.83581 -0.58779 -0.23345 0.18738 0.60042 0.90483 0.99692 0.80902 0.35347 -0.24869 -0.78043 -1.0 -0.76041 -0.12533 0.60042 0.99211 0.76041 0.0 -0.78043 -0.96858 -0.35347 0.58779 
0.04711 0.84433 0.93544 0.30902 -0.5225 -0.98229 -0.81815 -0.18738 0.5225 0.95106 0.93544 0.53583 -0.04711 -0.58779 -0.92388 -0.99211 -0.81815 -0.48175 -0.07846 0.30902 0.62524 0.84433 0.96456 1.0 0.97237 0.90483 0.81815 0.72897 0.64945 0.58779 0.54902 0.53583 0.54902 0.58779 0.64945 0.72897 0.81815 0.90483 0.97237 1.0 0.96456 0.84433 0.62524 0.30902 -0.07846 -0.48175 -0.81815 -0.99211 -0.92388 -0.58779 -0.04711 0.53583 0.93544 0.95106 0.5225 -0.18738 -0.81815 -0.98229 -0.5225 0.30902 0.93544 0.84433 0.04711 -0.80902 
0.38268 -0.53583 -0.99692 -0.68455 0.10973 0.80902 0.98511 0.58779 -0.10973 -0.72897 -0.99692 -0.84433 -0.38268 0.18738 0.67301 0.95106 0.98511 0.80902 0.49546 0.12533 -0.23345 -0.53583 -0.76041 -0.90483 -0.97922 -1.0 -0.98511 -0.95106 -0.9114 -0.87631 -0.85264 -0.84433 -0.85264 -0.87631 -0.9114 -0.95106 -0.98511 -1.0 -0.97922 -0.90483 -0.76041 -0.53583 -0.23345 0.12533 0.49546 0.80902 0.98511 0.95106 0.67301 0.18738 -0.38268 -0.84433 -0.99692 -0.72897 -0.10973 0.58779 0.98511 0.80902 0.10973 -0.68455 -0.99692 -0.53583 0.38268 0.98229 
-0.81815 0.0 0.79968 0.96858 0.43994 -0.36812 -0.92388 -0.92978 -0.43994 0.24869 0.79968 1.0 0.81815 0.36812 -0.17193 -0.63742 -0.92388 -0.99803 -0.88377 -0.63742 -0.32392 0.0 0.29404 0.53583 0.71813 0.84433 0.92388 0.96858 0.99002 0.99803 0.99988 1.0 0.99988 0.99803 0.99002 0.96858 0.92388 0.84433 0.71813 0.53583 0.29404 0.0 -0.32392 -0.63742 -0.88377 -0.99803 -0.92388 -0.63742 -0.17193 0.36812 0.81815 1.0 0.79968 0.24869 -0.43994 -0.92978 -0.92388 -0.36812 0.43994 0.96858 0.79968 0.0 -0.81815 -0.92978 
0.99692 0.63742 -0.23345 -0.90483 -0.9114 -0.30902 0.46793 0.95106 0.9114 0.42578 -0.23345 -0.77051 -0.99692 -0.87631 -0.49546 0.0 0.46793 0.80902 0.97922 0.98229 0.85264 0.63742 0.38268 0.12533 -0.10973 -0.30902 -0.46793 -0.58779 -0.67301 -0.72897 -0.76041 -0.77051 -0.76041 -0.72897 -0.67301 -0.58779 -0.46793 -0.30902 -0.10973 0.12533 0.38268 0.63742 0.85264 0.98229 0.97922 0.80902 0.46793 0.0 -0.49546 -0.87631 -0.99692 -0.77051 -0.23345 0.42578 0.9114 0.95106 0.46793 -0.30902 -0.9114 -0.90483 -0.23345 0.63742 0.99692 0.48175 
-0.62524 -0.99803 -0.54902 0.30902 0.92388 0.90483 0.32392 -0.42578 -0.92388 -0.95106 -0.54902 0.06279 0.62524 0.95106 0.97237 0.72897 0.32392 -0.12533 -0.5225 -0.80902 -0.96456 -0.99803 -0.93544 -0.80902 -0.64945 -0.48175 -0.32392 -0.18738 -0.07846 0.0 0.04711 0.06279 0.04711 0.0 -0.07846 -0.18738 -0.32392 -0.48175 -0.64945 -0.80902 -0.93544 -0.99803 -0.96456 -0.80902 -0.5225 -0.12533 0.32392 0.72897 0.97237 0.95106 0.62524 0.06279 -0.54902 -0.95106 -0.92388 -0.42578 0.32392 0.90483 0.92388 0.30902 -0.54902 -0.99803 -0.62524 0.30902 
-0.26387 0.63742 0.99889 0.58779 -0.23345 -0.87631 -0.95579 -0.48175 0.23345 0.80902 0.99889 0.77051 0.26387 -0.30902 -0.76041 -0.98229 -0.95579 -0.72897 -0.38268 0.0 0.35347 0.63742 0.83581 0.95106 0.99692 0.99211 0.95579 0.90483 0.85264 0.80902 0.78043 0.77051 0.78043 0.80902 0.85264 0.90483 0.95579 0.99211 0.99692 0.95106 0.83581 0.63742 0.35347 0.0 -0.38268 -0.72897 -0.95579 -0.98229 -0.76041 -0.30902 0.26387 0.77051 0.99889 0.80902 0.23345 -0.48175 -0.95579 -0.87631 -0.23345 0.58779 0.99889 0.63742 -0.26387 -0.95106 
0.97237 0.36812 -0.5225 -0.99211 -0.73963 0.0 0.71813 1.0 0.73963 0.12533 -0.5225 -0.92978 -0.97237 -0.68455 -0.20279 0.30902 0.71813 0.95106 0.99396 0.87631 0.64945 0.36812 0.07846 -0.18738 -0.41151 -0.58779 -0.71813 -0.80902 -0.86863 -0.90483 -0.92388 -0.92978 -0.92388 -0.90483 -0.86863 -0.80902 -0.71813 -0.58779 -0.41151 -0.18738 0.07846 0.36812 0.64945 0.87631 0.99396 0.95106 0.71813 0.30902 -0.20279 -0.68455 -0.97237 -0.92978 -0.5225 0.12533 0.73963 1.0 0.71813 0.0 -0.73963 -0.99211 -0.5225 0.36812 0.97237 0.72897 
-0.57501 -1.0 -0.60042 0.24869 0.89803 0.92978 0.38268 -0.36812 -0.89803 -0.96858 -0.60042 0.0 0.57501 0.92978 0.98511 0.77051 0.38268 -0.06279 -0.46793 -0.77051 -0.94609 -1.0 -0.95579 -0.84433 -0.69591 -0.53583 -0.38268 -0.24869 -0.1409 -0.06279 -0.01571 0.0 -0.01571 -0.06279 -0.1409 -0.24869 -0.38268 -0.53583 -0.69591 -0.84433 -0.95579 -1.0 -0.94609 -0.77051 -0.46793 -0.06279 0.38268 0.77051 0.98511 0.92978 0.57501 0.0 -0.60042 -0.96858 -0.89803 -0.36812 0.38268 0.92978 0.89803 0.24869 -0.60042 -1.0 -0.57501 0.36812 
-0.64945 0.24869 0.92388 0.87631 0.20279 -0.58779 -0.99002 -0.80902 -0.20279 0.48175 0.92388 0.96858 0.64945 0.12533 -0.41151 -0.80902 -0.99002 -0.95106 -0.73963 -0.42578 -0.07846 0.24869 0.5225 0.72897 0.86863 0.95106 0.99002 1.0 0.99396 0.98229 0.97237 0.96858 0.97237 0.98229 0.99396 1.0 0.99002 0.95106 0.86863 0.72897 0.5225 0.24869 -0.07846 -0.42578 -0.73963 -0.95106 -0.99002 -0.80902 -0.41151 0.12533 0.64945 0.96858 0.92388 0.48175 -0.20279 -0.80902 -0.99002 -0.58779 0.20279 0.87631 0.92388 0.24869 -0.64945 -0.99211 
0.83581 0.92978 0.26387 -0.58779 -0.99692 -0.72897 -0.01571 0.68455 0.99692 0.80902 0.26387 -0.36812 -0.83581 -1.0 -0.85264 -0.48175 -0.01571 0.42578 0.76041 0.95106 0.99889 0.92978 0.78043 0.58779 0.38268 0.18738 0.01571 -0.12533 -0.23345 -0.30902 -0.35347 -0.36812 -0.35347 -0.30902 -0.23345 -0.12533 0.01571 0.18738 0.38268 0.58779 0.78043 0.92978 0.99889 0.95106 0.76041 0.42578 -0.01571 -0.48175 -0.85264 -1.0 -0.83581 -0.36812 0.26387 0.80902 0.99692 0.68455 -0.01571 -0.72897 -0.99692 -0.58779 0.26387 0.92978 0.83581 0.0 
0.54902 -0.36812 -0.96456 -0.80902 -0.07846 0.68455 0.99988 0.72897 0.07846 -0.58779 -0.96456 -0.92978 -0.54902 0.0 0.5225 0.87631 0.99988 0.90483 0.64945 0.30902 -0.04711 -0.36812 -0.62524 -0.80902 -0.92388 -0.98229 -0.99988 -0.99211 -0.97237 -0.95106 -0.93544 -0.92978 -0.93544 -0.95106 -0.97237 -0.99211 -0.99988 -0.98229 -0.92388 -0.80902 -0.62524 -0.36812 -0.04711 0.30902 0.64945 0.90483 0.99988 0.87631 0.5225 0.0 -0.54902 -0.92978 -0.96456 -0.58779 0.07846 0.72897 0.99988 0.68455 -0.07846 -0.80902 -0.96456 -0.36812 0.54902 1.0 
-0.76041 -0.96858 -0.38268 0.48175 0.97922 0.80902 0.1409 -0.58779 -0.97922 -0.87631 -0.38268 0.24869 0.76041 0.99211 0.9114 0.58779 0.1409 -0.30902 -0.67301 -0.90483 -0.99692 -0.96858 -0.85264 -0.68455 -0.49546 -0.30902 -0.1409 0.0 0.10973 0.18738 0.23345 0.24869 0.23345 0.18738 0.10973 0.0 -0.1409 -0.30902 -0.49546 -0.68455 -0.85264 -0.96858 -0.99692 -0.90483 -0.67301 -0.30902 0.1409 0.58779 0.9114 0.99211 0.76041 0.24869 -0.38268 -0.87631 -0.97922 -0.58779 0.1409 0.80902 0.97922 0.48175 -0.38268 -0.96858 -0.76041 0.12533 
-0.81815 0.0 0.79968 0.96858 0.43994 -0.36812 -0.92388 -0.92978 -0.43994 0.24869 0.79968 1.0 0.81815 0.36812 -0.17193 -0.63742 -0.92388 -0.99803 -0.88377 -0.63742 -0.32392 0.0 0.29404 0.53583 0.71813 0.84433 0.92388 0.96858 0.99002 0.99803 0.99988 1.0 0.99988 0.99803 0.99002 0.96858 0.92388 0.84433 0.71813 0.53583 0.29404 0.0 -0.32392 -0.63742 -0.88377 -0.99803 -0.92388 -0.63742 -0.17193 0.36812 0.81815 1.0 0.79968 0.24869 -0.43994 -0.92978 -0.92388 -0.36812 0.43994 0.96858 0.79968 0.0 -0.81815 -0.92978 
0.23345 0.92978 0.85264 0.12533 -0.67301 -1.0 -0.69591 0.0 0.67301 0.99211 0.85264 0.36812 -0.23345 -0.72897 -0.97922 -0.95106 -0.69591 -0.30902 0.10973 0.48175 0.76041 0.92978 0.99692 0.98229 0.9114 0.80902 0.69591 0.58779 0.49546 0.42578 0.38268 0.36812 0.38268 0.42578 0.49546 0.58779 0.69591 0.80902 0.9114 0.98229 0.99692 0.92978 0.76041 0.48175 0.10973 -0.30902 -0.69591 -0.95106 -0.97922 -0.72897 -0.23345 0.36812 0.85264 0.99211 0.67301 0.0 -0.69591 -1.0 -0.67301 0.12533 0.85264 0.92978 0.23345 -0.68455 
0.96456 0.77051 -0.04711 -0.80902 -0.97237 -0.48175 0.29404 0.87631 0.97237 0.58779 -0.04711 -0.63742 -0.96456 -0.95106 -0.64945 -0.18738 0.29404 0.68455 0.92388 1.0 0.93544 0.77051 0.54902 0.30902 0.07846 -0.12533 -0.29404 -0.42578 -0.5225 -0.58779 -0.62524 -0.63742 -0.62524 -0.58779 -0.5225 -0.42578 -0.29404 -0.12533 0.07846 0.30902 0.54902 0.77051 0.93544 1.0 0.92388 0.68455 0.29404 -0.18738 -0.64945 -0.95106 -0.96456 -0.63742 -0.04711 0.58779 0.97237 0.87631 0.29404 -0.48175 -0.97237 -0.80902 -0.04711 0.77051 0.96456 0.30902 
0.78043 -0.06279 -0.83581 -0.95106 -0.38268 0.42578 0.94609 0.90483 0.38268 -0.30902 -0.83581 -0.99803 -0.78043 -0.30902 0.23345 0.68455 0.94609 0.99211 0.85264 0.58779 0.26387 -0.06279 -0.35347 -0.58779 -0.76041 -0.87631 -0.94609 -0.98229 -0.99692 -1.0 -0.99889 -0.99803 -0.99889 -1.0 -0.99692 -0.98229 -0.94609 -0.87631 -0.76041 -0.58779 -0.35347 -0.06279 0.26387 0.58779 0.85264 0.99211 0.94609 0.68455 0.23345 -0.30902 -0.78043 -0.99803 -0.83581 -0.30902 0.38268 0.90483 0.94609 0.42578 -0.38268 -0.95106 -0.83581 -0.06279 0.78043 0.95106 
0.07846 -0.77051 -0.97237 -0.42578 0.41151 0.95106 0.88377 0.30902 -0.41151 -0.90483 -0.97237 -0.63742 -0.07846 0.48175 0.86863 1.0 0.88377 0.58779 0.20279 -0.18738 -0.5225 -0.77051 -0.92388 -0.99211 -0.99396 -0.95106 -0.88377 -0.80902 -0.73963 -0.68455 -0.64945 -0.63742 -0.64945 -0.68455 -0.73963 -0.80902 -0.88377 -0.95106 -0.99396 -0.99211 -0.92388 -0.77051 -0.5225 -0.18738 0.20279 0.58779 0.88377 1.0 0.86863 0.48175 -0.07846 -0.63742 -0.97237 -0.90483 -0.41151 0.30902 0.88377 0.95106 0.41151 -0.42578 -0.97237 -0.77051 0.07846 0.87631 
-0.57501 -1.0 -0.60042 0.24869 0.89803 0.92978 0.38268 -0.36812 -0.89803 -0.96858 -0.60042 0.0 0.57501 0.92978 0.98511 0.77051 0.38268 -0.06279 -0.46793 -0.77051 -0.94609 -1.0 -0.95579 -0.84433 -0.69591 -0.53583 -0.38268 -0.24869 -0.1409 -0.06279 -0.01571 0.0 -0.01571 -0.06279 -0.1409 -0.24869 -0.38268 -0.53583 -0.69591 -0.84433 -0.95579 -1.0 -0.94609 -0.77051 -0.46793 -0.06279 0.38268 0.77051 0.98511 0.92978 0.57501 0.0 -0.60042 -0.96858 -0.89803 -0.36812 0.38268 0.92978 0.89803 0.24869 -0.60042 -1.0 -0.57501 0.36812 
-0.92388 -0.84433 -0.07846 0.72897 0.99396 0.58779 -0.17193 -0.80902 -0.99396 -0.68455 -0.07846 0.53583 0.92388 0.98229 0.73963 0.30902 -0.17193 -0.58779 -0.86863 -0.99211 -0.97237 -0.84433 -0.64945 -0.42578 -0.20279 0.0 0.17193 0.30902 0.41151 0.48175 0.5225 0.53583 0.5225 0.48175 0.41151 0.30902 0.17193 0.0 -0.20279 -0.42578 -0.64945 -0.84433 -0.97237 -0.99211 -0.86863 -0.58779 -0.17193 0.30902 0.73963 0.98229 0.92388 0.53583 -0.07846 -0.68455 -0.99396 -0.80902 -0.17193 0.58779 0.99396 0.72897 -0.07846 -0.84433 -0.92388 -0.18738 
-0.99889 -0.53583 0.35347 0.95106 0.85264 0.18738 -0.57501 -0.98229 -0.85264 -0.30902 0.35347 0.84433 0.99889 0.80902 0.38268 -0.12533 -0.57501 -0.87631 -0.99692 -0.95106 -0.78043 -0.53583 -0.26387 0.0 0.23345 0.42578 0.57501 0.68455 0.76041 0.80902 0.83581 0.84433 0.83581 0.80902 0.76041 0.68455 0.57501 0.42578 0.23345 0.0 -0.26387 -0.53583 -0.78043 -0.95106 -0.99692 -0.87631 -0.57501 -0.12533 0.38268 0.80902 0.99889 0.84433 0.35347 -0.30902 -0.85264 -0.98229 -0.57501 0.18738 0.85264 0.95106 0.35347 -0.53583 -0.99889 -0.58779 
-0.93544 -0.24869 0.62524 1.0 0.64945 -0.12533 -0.79968 -0.99211 -0.64945 0.0 0.62524 0.96858 0.93544 0.58779 0.07846 -0.42578 -0.79968 -0.98229 -0.97237 -0.80902 -0.54902 -0.24869 0.04711 0.30902 0.5225 0.68455 0.79968 0.87631 0.92388 0.95106 0.96456 0.96858 0.96456 0.95106 0.92388 0.87631 0.79968 0.68455 0.5225 0.30902 0.04711 -0.24869 -0.54902 -0.80902 -0.97237 -0.98229 -0.79968 -0.42578 0.07846 0.58779 0.93544 0.96858 0.62524 0.0 -0.64945 -0.99211 -0.79968 -0.12533 0.64945 1.0 0.62524 -0.24869 -0.93544 -0.80902 
-0.85264 -0.06279 0.76041 0.98229 0.49546 -0.30902 -0.89803 -0.95106 -0.49546 0.18738 0.76041 0.99803 0.85264 0.42578 -0.10973 -0.58779 -0.89803 -1.0 -0.9114 -0.68455 -0.38268 -0.06279 0.23345 0.48175 0.67301 0.80902 0.89803 0.95106 0.97922 0.99211 0.99692 0.99803 0.99692 0.99211 0.97922 0.95106 0.89803 0.80902 0.67301 0.48175 0.23345 -0.06279 -0.38268 -0.68455 -0.9114 -1.0 -0.89803 -0.58779 -0.10973 0.42578 0.85264 0.99803 0.76041 0.18738 -0.49546 -0.95106 -0.89803 -0.30902 0.49546 0.98229 0.76041 -0.06279 -0.85264 -0.90483 
-0.81815 0.0 0.79968 0.96858 0.43994 -0.36812 -0.92388 -0.92978 -0.43994 0.24869 0.79968 1.0 0.81815 0.36812 -0.17193 -0.63742 -0.92388 -0.99803 -0.88377 -0.63742 -0.32392 0.0 0.29404 0.53583 0.71813 0.84433 0.92388 0.96858 0.99002 0.99803 0.99988 1.0 0.99988 0.99803 0.99002 0.96858 0.92388 0.84433 0.71813 0.53583 0.29404 0.0 -0.32392 -0.63742 -0.88377 -0.99803 -0.92388 -0.63742 -0.17193 0.36812 0.81815 1.0 0.79968 0.24869 -0.43994 -0.92978 -0.92388 -0.36812 0.43994 0.96858 0.79968 0.0 -0.81815 -0.92978 
-0.85264 -0.06279 0.76041 0.98229 0.49546 -0.30902 -0.89803 -0.95106 -0.49546 0.18738 0.76041 0.99803 0.85264 0.42578 -0.10973 -0.58779 -0.89803 -1.0 -0.9114 -0.68455 -0.38268 -0.06279 0.23345 0.48175 0.67301 0.80902 0.89803 0.95106 0.97922 0.99211 0.99692 0.99803 0.99692 0.99211 0.97922 0.95106 0.89803 0.80902 0.67301 0.48175 0.23345 -0.06279 -0.38268 -0.68455 -0.9114 -1.0 -0.89803 -0.58779 -0.10973 0.42578 0.85264 0.99803 0.76041 0.18738 -0.49546 -0.95106 -0.89803 -0.30902 0.49546 0.98229 0.76041 -0.06279 -0.85264 -0.90483 
-0.93544 -0.24869 0.62524 1.0 0.64945 -0.12533 -0.79968 -0.99211 -0.64945 0.0 0.62524 0.96858 0.93544 0.58779 0.07846 -0.42578 -0.79968 -0.98229 -0.97237 -0.80902 -0.54902 -0.24869 0.04711 0.30902 0.5225 0.68455 0.79968 0.87631 0.92388 0.95106 0.96456 0.96858 0.96456 0.95106 0.92388 0.87631 0.79968 0.68455 0.5225 0.30902 0.04711 -0.24869 -0.54902 -0.80902 -0.97237 -0.98229 -0.79968 -0.42578 0.07846 0.58779 0.93544 0.96858 0.62524 0.0 -0.64945 -0.99211 -0.79968 -0.12533 0.64945 1.0 0.62524 -0.24869 -0.93544 -0.80902 
-0.99889 -0.53583 0.35347 0.95106 0.85264 0.18738 -0.57501 -0.98229 -0.85264 -0.30902 0.35347 0.84433 0.99889 0.80902 0.38268 -0.12533 -0.57501 -0.87631 -0.99692 -0.95106 -0.78043 -0.53583 -0.26387 0.0 0.23345 0.42578 0.57501 0.68455 0.76041 0.80902 0.83581 0.84433 0.83581 0.80902 0.76041 0.68455 0.57501 0.42578 0.23345 0.0 -0.26387 -0.53583 -0.78043 -0.95106 -0.99692 -0.87631 -0.57501 -0.12533 0.38268 0.80902 0.99889 0.84433 0.35347 -0.30902 -0.85264 -0.98229 -0.57501 0.18738 0.85264 0.95106 0.35347 -0.53583 -0.99889 -0.58779 
-0.92388 -0.84433 -0.07846 0.72897 0.99396 0.58779 -0.17193 -0.80902 -0.99396 -0.68455 -0.07846 0.53583 0.92388 0.98229 0.73963 0.30902 -0.17193 -0.58779 -0.86863 -0.99211 -0.97237 -0.84433 -0.64945 -0.42578 -0.20279 0.0 0.17193 0.30902 0.41151 0.48175 0.5225 0.53583 0.5225 0.48175 0.41151 0.30902 0.17193 0.0 -0.20279 -0.42578 -0.64945 -0.84433 -0.97237 -0.99211 -0.86863 -0.58779 -0.17193 0.30902 0.73963 0.98229 0.92388 0.53583 -0.07846 -0.68455 -0.99396 -0.80902 -0.17193 0.58779 0.99396 0.72897 -0.07846 -0.84433 -0.92388 -0.18738 
-0.57501 -1.0 -0.60042 0.24869 0.89803 0.92978 0.38268 -0.36812 -0.89803 -0.96858 -0.60042 0.0 0.57501 0.92978 0.98511 0.77051 0.38268 -0.06279 -0.46793 -0.77051 -0.94609 -1.0 -0.95579 -0.84433 -0.69591 -0.53583 -0.38268 -0.24869 -0.1409 -0.06279 -0.01571 0.0 -0.01571 -0.06279 -0.1409 -0.24869 -0.38268 -0.53583 -0.69591 -0.84433 -0.95579 -1.0 -0.94609 -0.77051 -0.46793 -0.06279 0.38268 0.77051 0.98511 0.92978 0.57501 0.0 -0.60042 -0.96858 -0.89803 -0.36812 0.38268 0.92978 0.89803 0.24869 -0.60042 -1.0 -0.57501 0.36812 
0.07846 -0.77051 -0.97237 -0.42578 0.41151 0.95106 0.88377 0.30902 -0.41151 -0.90483 -0.97237 -0.63742 -0.07846 0.48175 0.86863 1.0 0.88377 0.58779 0.20279 -0.18738 -0.5225 -0.77051 -0.92388 -0.99211 -0.99396 -0.95106 -0.88377 -0.80902 -0.73963 -0.68455 -0.64945 -0.63742 -0.64945 -0.68455 -0.73963 -0.80902 -0.88377 -0.95106 -0.99396 -0.99211 -0.92388 -0.77051 -0.5225 -0.18738 0.20279 0.58779 0.88377 1.0 0.86863 0.48175 -0.07846 -0.63742 -0.97237 -0.90483 -0.41151 0.30902 0.88377 0.95106 0.41151 -0.42578 -0.97237 -0.77051 0.07846 0.87631 
0.78043 -0.06279 -0.83581 -0.95106 -0.38268 0.42578 0.94609 0.90483 0.38268 -0.30902 -0.83581 -0.99803 -0.78043 -0.30902 0.23345 0.68455 0.94609 0.99211 0.85264 0.58779 0.26387 -0.06279 -0.35347 -0.58779 -0.76041 -0.87631 -0.94609 -0.98229 -0.99692 -1.0 -0.99889 -0.99803 -0.99889 -1.0 -0.99692 -0.98229 -0.94609 -0.87631 -0.76041 -0.58779 -0.35347 -0.06279 0.26387 0.58779 0.85264 0.99211 0.94609 0.68455 0.23345 -0.30902 -0.78043 -0.99803 -0.83581 -0.30902 0.38268 0.90483 0.94609 0.42578 -0.38268 -0.95106 -0.83581 -0.06279 0.78043 0.95106 
0.96456 0.77051 -0.04711 -0.80902 -0.97237 -0.48175 0.29404 0.87631 0.97237 0.58779 -0.04711 -0.63742 -0.96456 -0.95106 -0.64945 -0.18738 0.29404 0.68455 0.92388 1.0 0.93544 0.77051 0.54902 0.30902 0.07846 -0.12533 -0.29404 -0.42578 -0.5225 -0.58779 -0.62524 -0.63742 -0.62524 -0.58779 -0.5225 -0.42578 -0.29404 -0.12533 0.07846 0.30902 0.54902 0.77051 0.93544 1.0 0.92388 0.68455 0.29404 -0.18738 -0.64945 -0.95106 -0.96456 -0.63742 -0.04711 0.58779 0.97237 0.87631 0.29404 -0.48175 -0.97237 -0.80902 -0.04711 0.77051 0.96456 0.30902 
0.23345 0.92978 0.85264 0.12533 -0.67301 -1.0 -0.69591 0.0 0.67301 0.99211 0.85264 0.36812 -0.23345 -0.72897 -0.97922 -0.95106 -0.69591 -0.30902 0.10973 0.48175 0.76041 0.92978 0.99692 0.98229 0.9114 0.80902 0.69591 0.58779 0.49546 0.42578 0.38268 0.36812 0.38268 0.42578 0.49546 0.58779 0.69591 0.80902 0.9114 0.98229 0.99692 0.92978 0.76041 0.48175 0.10973 -0.30902 -0.69591 -0.95106 -0.97922 -0.72897 -0.23345 0.36812 0.85264 0.99211 0.67301 0.0 -0.69591 -1.0 -0.67301 0.12533 0.85264 0.92978 0.23345 -0.68455 
-0.81815 0.0 0.79968 0.96858 0.43994 -0.36812 -0.92388 -0.92978 -0.43994 0.24869 0.79968 1.0 0.81815 0.36812 -0.17193 -0.63742 -0.92388 -0.99803 -0.88377 -0.63742 -0.32392 0.0 0.29404 0.53583 0.71813 0.84433 0.92388 0.96858 0.99002 0.99803 0.99988 1.0 0.99988 0.99803 0.99002 0.96858 0.92388 0.84433 0.71813 0.53583 0.29404 0.0 -0.32392 -0.63742 -0.88377 -0.99803 -0.92388 -0.63742 -0.17193 0.36812 0.81815 1.0 0.79968 0.24869 -0.43994 -0.92978 -0.92388 -0.36812 0.43994 0.96858 0.79968 0.0 -0.81815 -0.92978 
-0.76041 -0.96858 -0.38268 0.48175 0.97922 0.80902 0.1409 -0.58779 -0.97922 -0.87631 -0.38268 0.24869 0.76041 0.99211 0.9114 0.58779 0.1409 -0.30902 -0.67301 -0.90483 -0.99692 -0.96858 -0.85264 -0.68455 -0.49546 -0.30902 -0.1409 0.0 0.10973 0.18738 0.23345 0.24869 0.23345 0.18738 0.10973 0.0 -0.1409 -0.30902 -0.49546 -0.68455 -0.85264 -0.96858 -0.99692 -0.90483 -0.67301 -0.30902 0.1409 0.58779 0.9114 0.99211 0.76041 0.24869 -0.38268 -0.87631 -0.97922 -0.58779 0.1409 0.80902 0.97922 0.48175 -0.38268 -0.96858 -0.76041 0.12533 
0.54902 -0.36812 -0.96456 -0.80902 -0.07846 0.68455 0.99988 0.72897 0.07846 -0.58779 -0.96456 -0.92978 -0.54902 0.0 0.5225 0.87631 0.99988 0.90483 0.64945 0.30902 -0.04711 -0.36812 -0.62524 -0.80902 -0.92388 -0.98229 -0.99988 -0.99211 -0.97237 -0.95106 -0.93544 -0.92978 -0.93544 -0.95106 -0.97237 -0.99211 -0.99988 -0.98229 -0.92388 -0.80902 -0.62524 -0.36812 -0.04711 0.30902 0.64945 0.90483 0.99988 0.87631 0.5225 0.0 -0.54902 -0.92978 -0.96456 -0.58779 0.07846 0.72897 0.99988 0.68455 -0.07846 -0.80902 -0.96456 -0.36812 0.54902 1.0 
0.83581 0.92978 0.26387 -0.58779 -0.99692 -0.72897 -0.01571 0.68455 0.99692 0.80902 0.26387 -0.36812 -0.83581 -1.0 -0.85264 -0.48175 -0.01571 0.42578 0.76041 0.95106 0.99889 0.92978 0.78043 0.58779 0.38268 0.18738 0.01571 -0.12533 -0.23345 -0.30902 -0.35347 -0.36812 -0.35347 -0.30902 -0.23345 -0.12533 0.01571 0.18738 0.38268 0.58779 0.78043 0.92978 0.99889 0.95106 0.76041 0.42578 -0.01571 -0.48175 -0.85264 -1.0 -0.83581 -0.36812 0.26387 0.80902 0.99692 0.68455 -0.01571 -0.72897 -0.99692 -0.58779 0.26387 0.92978 0.83581 0.0 
-0.64945 0.24869 0.92388 0.87631 0.20279 -0.58779 -0.99002 -0.80902 -0.20279 0.48175 0.92388 0.96858 0.64945 0.12533 -0.41151 -0.80902 -0.99002 -0.95106 -0.73963 -0.42578 -0.07846 0.24869 0.5225 0.72897 0.86863 0.95106 0.99002 1.0 0.99396 0.98229 0.97237 0.96858 0.97237 0.98229 0.99396 1.0 0.99002 0.95106 0.86863 0.72897 0.5225 0.24869 -0.07846 -0.42578 -0.73963 -0.95106 -0.99002 -0.80902 -0.41151 0.12533 0.64945 0.96858 0.92388 0.48175 -0.20279 -0.80902 -0.99002 -0.58779 0.20279 0.87631 0.92388 0.24869 -0.64945 -0.99211 
-0.57501 -1.0 -0.60042 0.24869 0.89803 0.92978 0.38268 -0.36812 -0.89803 -0.96858 -0.60042 0.0 0.57501 0.92978 0.98511 0.77051 0.38268 -0.06279 -0.46793 -0.77051 -0.94609 -1.0 -0.95579 -0.84433 -0.69591 -0.53583 -0.38268 -0.24869 -0.1409 -0.06279 -0.01571 0.0 -0.01571 -0.06279 -0.1409 -0.24869 -0.38268 -0.53583 -0.69591 -0.84433 -0.95579 -1.0 -0.94609 -0.77051 -0.46793 -0.06279 0.38268 0.77051 0.98511 0.92978 0.57501 0.0 -0.60042 -0.96858 -0.89803 -0.36812 0.38268 0.92978 0.89803 0.24869 -0.60042 -1.0 -0.57501 0.36812 
0.97237 0.36812 -0.5225 -0.99211 -0.73963 0.0 0.71813 1.0 0.73963 0.12533 -0.5225 -0.92978 -0.97237 -0.68455 -0.20279 0.30902 0.71813 0.95106 0.99396 0.87631 0.64945 0.36812 0.07846 -0.18738 -0.41151 -0.58779 -0.71813 -0.80902 -0.86863 -0.90483 -0.92388 -0.92978 -0.92388 -0.90483 -0.86863 -0.80902 -0.71813 -0.58779 -0.41151 -0.18738 0.07846 0.36812 0.64945 0.87631 0.99396 0.95106 0.71813 0.30902 -0.20279 -0.68455 -0.97237 -0.92978 -0.5225 0.12533 0.73963 1.0 0.71813 0.0 -0.73963 -0.99211 -0.5225 0.36812 0.97237 0.72897 
-0.26387 0.63742 0.99889 0.58779 -0.23345 -0.87631 -0.95579 -0.48175 0.23345 0.80902 0.99889 0.77051 0.26387 -0.30902 -0.76041 -0.98229 -0.95579 -0.72897 -0.38268 0.0 0.35347 0.63742 0.83581 0.95106 0.99692 0.99211 0.95579 0.90483 0.85264 0.80902 0.78043 0.77051 0.78043 0.80902 0.85264 0.90483 0.95579 0.99211 0.99692 0.95106 0.83581 0.63742 0.35347 0.0 -0.38268 -0.72897 -0.95579 -0.98229 -0.76041 -0.30902 0.26387 0.77051 0.99889 0.80902 0.23345 -0.48175 -0.95579 -0.87631 -0.23345 0.58779 0.99889 0.63742 -0.26387 -0.95106 
-0.62524 -0.99803 -0.54902 0.30902 0.92388 0.90483 0.32392 -0.42578 -0.92388 -0.95106 -0.54902 0.06279 0.62524 0.95106 0.97237 0.72897 0.32392 -0.12533 -0.5225 -0.80902 -0.96456 -0.99803 -0.93544 -0.80902 -0.64945 -0.48175 -0.32392 -0.18738 -0.07846 0.0 0.04711 0.06279 0.04711 0.0 -0.07846 -0.18738 -0.32392 -0.48175 -0.64945 -0.80902 -0.93544 -0.99803 -0.96456 -0.80902 -0.5225 -0.12533 0.32392 0.72897 0.97237 0.95106 0.62524 0.06279 -0.54902 -0.95106 -0.92388 -0.42578 0.32392 0.90483 0.92388 0.30902 -0.54902 -0.99803 -0.62524 0.30902 
0.99692 0.63742 -0.23345 -0.90483 -0.9114 -0.30902 0.46793 0.95106 0.9114 0.42578 -0.23345 -0.77051 -0.99692 -0.87631 -0.49546 0.0 0.46793 0.80902 0.97922 0.98229 0.85264 0.63742 0.38268 0.12533 -0.10973 -0.30902 -0.46793 -0.58779 -0.67301 -0.72897 -0.76041 -0.77051 -0.76041 -0.72897 -0.67301 -0.58779 -0.46793 -0.30902 -0.10973 0.12533 0.38268 0.63742 0.85264 0.98229 0.97922 0.80902 0.46793 0.0 -0.49546 -0.87631 -0.99692 -0.77051 -0.23345 0.42578 0.9114 0.95106 0.46793 -0.30902 -0.9114 -0.90483 -0.23345 0.63742 0.99692 0.48175 
-0.81815 0.0 0.79968 0.96858 0.43994 -0.36812 -0.92388 -0.92978 -0.43994 0.24869 0.79968 1.0 0.81815 0.36812 -0.17193 -0.63742 -0.92388 -0.99803 -0.88377 -0.63742 -0.32392 0.0 0.29404 0.53583 0.71813 0.84433 0.92388 0.96858 0.99002 0.99803 0.99988 1.0 0.99988 0.99803 0.99002 0.96858 0.92388 0.84433 0.71813 0.53583 0.29404 0.0 -0.32392 -0.63742 -0.88377 -0.99803 -0.92388 -0.63742 -0.17193 0.36812 0.81815 1.0 0.79968 0.24869 -0.43994 -0.92978 -0.92388 -0.36812 0.43994 0.96858 0.79968 0.0 -0.81815 -0.92978 
0.38268 -0.53583 -0.99692 -0.68455 0.10973 0.80902 0.98511 0.58779 -0.10973 -0.72897 -0.99692 -0.84433 -0.38268 0.18738 0.67301 0.95106 0.98511 0.80902 0.49546 0.12533 -0.23345 -0.53583 -0.76041 -0.90483 -0.97922 -1.0 -0.98511 -0.95106 -0.9114 -0.87631 -0.85264 -0.84433 -0.85264 -0.87631 -0.9114 -0.95106 -0.98511 -1.0 -0.97922 -0.90483 -0.76041 -0.53583 -0.23345 0.12533 0.49546 0.80902 0.98511 0.95106 0.67301 0.18738 -0.38268 -0.84433 -0.99692 -0.72897 -0.10973 0.58779 0.98511 0.80902 0.10973 -0.68455 -0.99692 -0.53583 0.38268 0.98229 
0.04711 0.84433 0.93544 0.30902 -0.5225 -0.98229 -0.81815 -0.18738 0.5225 0.95106 0.93544 0.53583 -0.04711 -0.58779 -0.92388 -0.99211 -0.81815 -0.48175 -0.07846 0.30902 0.62524 0.84433 0.96456 1.0 0.97237 0.90483 0.81815 0.72897 0.64945 0.58779 0.54902 0.53583 0.54902 0.58779 0.64945 0.72897 0.81815 0.90483 0.97237 1.0 0.96456 0.84433 0.62524 0.30902 -0.07846 -0.48175 -0.81815 -0.99211 -0.92388 -0.58779 -0.04711 0.53583 0.93544 0.95106 0.5225 -0.18738 -0.81815 -0.98229 -0.5225 0.30902 0.93544 0.84433 0.04711 -0.80902 
-0.35347 -0.96858 -0.78043 0.0 0.76041 0.99211 0.60042 -0.12533 -0.76041 -1.0 -0.78043 -0.24869 0.35347 0.80902 0.99692 0.90483 0.60042 0.18738 -0.23345 -0.58779 -0.83581 -0.96858 -0.99889 -0.95106 -0.85264 -0.72897 -0.60042 -0.48175 -0.38268 -0.30902 -0.26387 -0.24869 -0.26387 -0.30902 -0.38268 -0.48175 -0.60042 -0.72897 -0.85264 -0.95106 -0.99889 -0.96858 -0.83581 -0.58779 -0.23345 0.18738 0.60042 0.90483 0.99692 0.80902 0.35347 -0.24869 -0.78043 -1.0 -0.76041 -0.12533 0.60042 0.99211 0.76041 0.0 -0.78043 -0.96858 -0.35347 0.58779 
0.5225 0.99803 0.64945 -0.18738 -0.86863 -0.95106 -0.43994 0.30902 0.86863 0.98229 0.64945 0.06279 -0.5225 -0.90483 -0.99396 -0.80902 -0.43994 0.0 0.41151 0.72897 0.92388 0.99803 0.97237 0.87631 0.73963 0.58779 0.43994 0.30902 0.20279 0.12533 0.07846 0.06279 0.07846 0.12533 0.20279 0.30902 0.43994 0.58779 0.73963 0.87631 0.97237 0.99803 0.92388 0.72897 0.41151 0.0 -0.43994 -0.80902 -0.99396 -0.90483 -0.5225 0.06279 0.64945 0.98229 0.86863 0.30902 -0.43994 -0.95106 -0.86863 -0.18738 0.64945 0.99803 0.5225 -0.42578 
-0.57501 -1.0 -0.60042 0.24869 0.89803 0.92978 0.38268 -0.36812 -0.89803 -0.96858 -0.60042 0.0 0.57501 0.92978 0.98511 0.77051 0.38268 -0.06279 -0.46793 -0.77051 -0.94609 -1.0 -0.95579 -0.84433 -0.69591 -0.53583 -0.38268 -0.24869 -0.1409 -0.06279 -0.01571 0.0 -0.01571 -0.06279 -0.1409 -0.24869 -0.38268 -0.53583 -0.69591 -0.84433 -0.95579 -1.0 -0.94609 -0.77051 -0.46793 -0.06279 0.38268 0.77051 0.98511 0.92978 0.57501 0.0 -0.60042 -0.96858 -0.89803 -0.36812 0.38268 0.92978 0.89803 0.24869 -0.60042 -1.0 -0.57501 0.36812 
0.5225 0.99803 0.64945 -0.18738 -0.86863 -0.95106 -0.43994 0.30902 0.86863 0.98229 0.64945 0.06279 -0.5225 -0.90483 -0.99396 -0.80902 -0.43994 0.0 0.41151 0.72897 0.92388 0.99803 0.97237 0.87631 0.73963 0.58779 0.43994 0.30902 0.20279 0.12533 0.07846 0.06279 0.07846 0.12533 0.20279 0.30902 0.43994 0.58779 0.73963 0.87631 0.97237 0.99803 0.92388 0.72897 0.41151 0.0 -0.43994 -0.80902 -0.99396 -0.90483 -0.5225 0.06279 0.64945 0.98229 0.86863 0.30902 -0.43994 -0.95106 -0.86863 -0.18738 0.64945 0.99803 0.5225 -0.42578 
-0.35347 -0.96858 -0.78043 0.0 0.76041 0.99211 0.60042 -0.12533 -0.76041 -1.0 -0.78043 -0.24869 0.35347 0.80902 0.99692 0.90483 0.60042 0.18738 -0.23345 -0.58779 -0.83581 -0.96858 -0.99889 -0.95106 -0.85264 -0.72897 -0.60042 -0.48175 -0.38268 -0.30902 -0.26387 -0.24869 -0.26387 -0.30902 -0.38268 -0.48175 -0.60042 -0.72897 -0.85264 -0.95106 -0.99889 -0.96858 -0.83581 -0.58779 -0.23345 0.18738 0.60042 0.90483 0.99692 0.80902 0.35347 -0.24869 -0.78043 -1.0 -0.76041 -0.12533 0.60042 0.99211 0.76041 0.0 -0.78043 -0.96858 -0.35347 0.58779 
0.04711 0.84433 0.93544 0.30902 -0.5225 -0.98229 -0.81815 -0.18738 0.5225 0.95106 0.93544 0.53583 -0.04711 -0.58779 -0.92388 -0.99211 -0.81815 -0.48175 -0.07846 0.30902 0.62524 0.84433 0.96456 1.0 0.97237 0.90483 0.81815 0.72897 0.64945 0.58779 0.54902 0.53583 0.54902 0.58779 0.64945 0.72897 0.81815 0.90483 0.97237 1.0 0.96456 0.84433 0.62524 0.30902 -0.07846 -0.48175 -0.81815 -0.99211 -0.92388 -0.58779 -0.04711 0.53583 0.93544 0.95106 0.5225 -0.18738 -0.81815 -0.98229 -0.5225 0.30902 0.93544 0.84433 0.04711 -0.80902 
0.38268 -0.53583 -0.99692 -0.68455 0.10973 0.80902 0.98511 0.58779 -0.10973 -0.72897 -0.99692 -0.84433 -0.38268 0.18738 0.67301 0.95106 0.98511 0.80902 0.49546 0.12533 -0.23345 -0.53583 -0.76041 -0.90483 -0.97922 -1.0 -0.98511 -0.95106 -0.9114 -0.87631 -0.85264 -0.84433 -0.85264 -0.87631 -0.9114 -0.95106 -0.98511 -1.0 -0.97922 -0.90483 -0.76041 -0.53583 -0.23345 0.12533 0.49546 0.80902 0.98511 0.95106 0.67301 0.18738 -0.38268 -0.84433 -0.99692 -0.72897 -0.10973 0.58779 0.98511 0.80902 0.10973 -0.68455 -0.99692 -0.53583 0.38268 0.98229 
-0.81815 0.0 0.79968 0.96858 0.43994 -0.36812 -0.92388 -0.92978 -0.43994 0.24869 0.79968 1.0 0.81815 0.36812 -0.17193 -0.63742 -0.92388 -0.99803 -0.88377 -0.63742 -0.32392 0.0 0.29404 0.53583 0.71813 0.84433 0.92388 0.96858 0.99002 0.99803 0.99988 1.0 0.99988 0.99803 0.99002 0.96858 0.92388 0.84433 0.71813 0.53583 0.29404 0.0 -0.32392 -0.63742 -0.88377 -0.99803 -0.92388 -0.63742 -0.17193 0.36812 0.81815 1.0 0.79968 0.24869 -0.43994 -0.92978 -0.92388 -0.36812 0.43994 0.96858 0.79968 0.0 -0.81815 -0.92978 
0.99692 0.63742 -0.23345 -0.90483 -0.9114 -0.30902 0.46793 0.95106 0.9114 0.42578 -0.23345 -0.77051 -0.99692 -0.87631 -0.49546 0.0 0.46793 0.80902 0.97922 0.98229 0.85264 0.63742 0.38268 0.12533 -0.10973 -0.30902 -0.46793 -0.58779 -0.67301 -0.72897 -0.76041 -0.77051 -0.76041 -0.72897 -0.67301 -0.58779 -0.46793 -0.30902 -0.10973 0.12533 0.38268 0.63742 0.85264 0.98229 0.97922 0.80902 0.46793 0.0 -0.49546 -0.87631 -0.99692 -0.77051 -0.23345 0.42578 0.9114 0.95106 0.46793 -0.30902 -0.9114 -0.90483 -0.23345 0.63742 0.99692 0.48175 
-0.62524 -0.99803 -0.54902 0.30902 0.92388 0.90483 0.32392 -0.42578 -0.92388 -0.95106 -0.54902 0.06279 0.62524 0.95106 0.97237 0.72897 0.32392 -0.12533 -0.5225 -0.80902 -0.96456 -0.99803 -0.93544 -0.80902 -0.64945 -0.48175 -0.32392 -0.18738 -0.07846 0.0 0.04711 0.06279 0.04711 0.0 -0.07846 -0.18738 -0.32392 -0.48175 -0.64945 -0.80902 -0.93544 -0.99803 -0.96456 -0.80902 -0.5225 -0.12533 0.32392 0.72897 0.97237 0.95106 0.62524 0.06279 -0.54902 -0.95106 -0.92388 -0.42578 0.32392 0.90483 0.92388 0.30902 -0.54902 -0.99803 -0.62524 0.30902 
