1
64
8.4
11.44239
12.87251
12.20309
9.70788
6.33056
3.30095
1.62543
1.67574
3.05642
4.80668
5.84296
5.44234
3.55044
0.7796
-1.89546
-3.6
-3.96436
-3.28434
-2.3636
-2.11124
-3.08194
-5.1737
-7.62789
-9.33847
-9.33612
-7.23123
-3.41539
1.0719
4.95574
7.23718
7.57916
6.4
4.63879
3.30409
3.01269
3.72714
4.8074
5.34713
4.63501
2.52426
-0.46368
-3.35304
-5.14972
-5.30092
-3.96628
-1.97192
-0.46212
-0.4
-2.13894
-5.2555
-8.71918
-11.32378
-12.18902
-11.11114
-8.61043
-5.66153
-3.2345
-1.85917
-1.41085
-1.21332
-0.4069
1.5919
4.7563
