1
64
8.62774
11.27234
12.62901
12.26381
9.49911
6.33128
3.37371
1.64519
1.58232
2.82309
4.68702
5.73472
5.48335
3.48787
0.76687
-1.72727
-3.74312
-3.99772
-3.23796
-2.52439
-2.18502
-3.09275
-5.19252
-7.65694
-9.40614
-9.36545
-7.25693
-3.30809
1.07801
4.90815
7.12991
7.59976
6.47784
4.62128
3.21203
2.90429
3.70991
4.74782
5.31949
4.56015
2.34538
-0.48653
-3.2766
-5.23274
-5.22699
-3.86969
-2.02517
-0.22459
-0.2469
-2.27458
-5.23448
-8.75751
-11.28824
-12.34779
-11.24364
-8.54376
-5.4704
-3.14747
-1.63497
-1.61937
-1.02213
-0.43353
1.55383
4.6461
